LGB: 0.4141414141414142
CB: 0.16161616161616163
